# C_7^6  |S| = 1129
540000
303000
563000
165000
321100
112100
545100
340200
131200
565200
151300
514300
366300
100400
552400
533400
316400
502500
335500
126500
521600
354600
146600
323010
325010
116010
560110
342110
114110
361210
133210
153210
516210
311310
102310
635310
330410
121410
555410
141510
504510
356510
160610
542610
523610
305610
130020
554020
346020
502120
363120
344120
135120
521220
313220
155220
540320
332320
104320
560420
351420
123420
143420
300520
162520
516520
320620
111620
535620
360030
152030
506030
150130
523130
504130
365130
542230
315230
106230
562330
353330
334330
125330
511430
302430
145430
530530
322530
164530
341630
132630
113630
556630
520040
154040
310140
101140
525140
120240
544240
336240
140340
513340
564340
355340
532440
304440
166440
551540
324540
115540
501640
362640
343640
134640
541050
312050
103050
314050
105050
331150
122150
546150
350250
142250
566250
161350
515350
306350
110450
534450
326450
503550
553550
345550
136550
522650
364650
156650
333060
543060
626060
561160
352160
124160
510260
301260
144260
321360
112360
163360
536360
340460
131460
555460
151560
505560
366560
100660
524660
041001
063001
565001
356001
512101
354101
046101
531201
303201
323201
065201
550301
342301
014301
500401
361401
133401
311501
002501
053501
526501
330601
121601
545601
300011
043011
516011
060111
533111
514111
305111
552211
325211
016211
502311
344311
135311
521411
313411
363411
055411
540511
332511
004511
560611
351611
023611
530021
055021
320121
002121
535121
021221
554221
346221
040321
523321
504321
365321
060421
542421
315421
562521
334521
016521
511621
302621
353621
035621
551031
322031
324031
006031
341131
023131
004131
556131
360231
042231
506231
310331
062331
525331
011431
544431
336431
030531
513531
564531
355531
050631
532631
304631
020041
553041
345041
501141
362141
343141
025141
520241
312241
044241
331341
013341
064341
546341
350441
032441
566441
052541
515541
306541
001641
534641
326641
041051
503051
505051
366051
522151
364151
046151
541251
314251
066251
561351
352351
333351
015351
510451
301451
034451
321551
003551
054551
536551
340651
022651
555651
043061
335061
126061
061161
524161
316161
010261
543261
563261
335261
512361
354361
036361
531461
303461
056461
550561
342561
323561
005561
500661
361661
024661
316661
540002
065002
221102
012102
545102
240202
031202
565202
051302
514302
266302
000402
552402
533402
215402
502502
235502
026502
521602
203602
254602
045602
562012
223012
225012
016012
560112
242112
014112
261212
033212
053212
516212
210312
002312
535312
230412
021412
554412
040512
504512
256512
060612
542612
523612
205612
030022
564022
246022
511122
263122
244122
035122
530222
212222
055222
232322
004322
556322
251422
042422
023422
506422
200522
062522
525522
220622
011622
544622
260032
052032
513032
515032
050132
532132
265132
551232
214232
006232
501332
253332
234332
025332
520432
202432
044432
222532
064532
546532
241632
032632
013632
566632
054042
536042
001142
534142
216142
020242
503242
553242
236242
522342
255342
046342
541442
204442
066442
561542
243542
224542
015542
510642
262642
034642
550052
212052
003052
214052
005052
231152
022152
555152
250252
041252
505252
061352
524352
206352
010452
543452
563452
226452
512552
245552
036552
531652
264652
056652
233062
526062
500162
252162
024162
201262
043262
063262
526262
221362
012362
545362
240462
031462
565462
051562
514562
266562
000662
552662
533662
040003
464003
256003
412103
203103
254103
045103
431203
223203
065203
450303
242303
014303
400403
261403
033403
053403
210503
002503
426503
230603
021603
445603
200013
062013
416013
060113
433113
414113
205113
452213
225213
016213
402313
263313
244313
035313
421413
212413
055413
440513
232513
004513
251613
042613
023613
466613
430023
064023
220123
011123
435123
030223
454223
246223
050323
423323
404323
265323
442423
214423
006423
461523
253523
234523
025523
411623
202623
044623
451033
222033
224033
015033
241133
032133
013133
456133
260233
052233
406233
001333
425333
216333
020433
444433
236433
413533
463533
255533
046533
432633
204633
066633
243043
453043
245043
036043
401143
262143
034143
420243
211243
054243
231343
022343
003343
446343
250443
041443
465443
061543
415543
206543
010643
434643
226643
051053
403053
405053
266053
422153
264153
056153
441253
213253
233253
005253
460353
252353
024353
410453
201453
043453
221553
012553
063553
436553
240653
031653
455653
053063
235063
026063
000163
443163
424163
216163
462263
235263
026263
412363
254363
045363
431463
203463
223463
065463
450563
242563
014563
400663
261663
033663
440004
665004
230104
612104
445104
631204
464204
256204
650304
433304
414304
205304
600404
452404
225404
402504
244504
626504
421604
212604
263604
645604
461014
232014
234014
616014
251114
633114
614114
466114
200214
652214
416214
220314
602314
435314
621414
454414
246414
640514
423514
404514
265514
660614
442614
214614
630024
253024
463024
255024
411124
202124
635124
430224
222224
654224
241324
604324
456324
260424
642424
623424
406424
662524
425524
216524
611624
444624
236624
651034
413034
415034
206034
432134
204134
656134
451234
243234
224234
606234
401334
262334
625334
420434
211434
644434
231534
664534
446534
250634
632634
613634
465634
653044
436044
601144
434144
226144
620244
403244
453244
245244
422344
264344
646344
441444
213444
233444
666444
460544
252544
615544
410644
201644
634644
450054
221054
603054
605054
240154
622154
455154
641254
405254
266254
661354
424354
215354
610454
462454
443454
235454
412554
254554
636554
431654
203654
223654
655654
242064
426064
400164
261164
624164
643264
663264
426264
220364
612364
445364
140464
631464
464464
650564
414564
266564
600664
452664
433664
215664
110005
640005
403005
663005
155005
421105
103105
645105
440205
122205
665205
142305
614305
466305
161405
652405
633405
416405
110505
602505
435505
621605
454605
136605
423015
425015
660115
442115
105115
461215
124215
144215
616215
411315
163315
635315
430415
112415
654415
131515
604515
456515
151615
642615
623615
406615
654025
446025
602125
444125
126125
621225
413225
463225
146225
640325
432325
165325
451425
133425
114425
666425
401525
153525
616525
420625
101625
635625
460035
121035
606035
141135
623135
604135
465135
160235
642235
415235
662335
434335
116335
611435
403435
453435
135435
630535
422535
155535
441635
103635
123635
656635
620045
143045
145045
410145
162145
625145
111245
644245
436245
130345
613345
664345
455345
150445
632445
405445
651545
424545
106545
601645
462645
443645
125645
641055
412055
414055
166055
431155
113155
164155
646155
450255
132255
666255
400355
152355
615355
101455
634455
426455
120555
603555
653555
445555
140655
622655
464655
643065
626065
661165
452165
433165
115165
610265
402265
134265
421365
103365
154365
636365
440465
122465
655465
142565
605565
466565
161665
624665
301006
131006
665006
356006
612106
354106
136106
631206
304206
156206
650306
342306
323306
105306
600406
361406
124406
311506
163506
144506
626506
330606
112606
645606
133016
153016
616016
151116
633116
614116
306116
100216
652216
325216
602316
344316
126316
621416
363416
146416
640516
332516
313516
165516
660616
351616
114616
630026
155026
311126
102126
635126
330226
121226
654226
141326
604326
356326
160426
642426
623426
305426
662526
325526
116526
611626
363626
344626
135626
651036
313036
315036
106036
332136
123136
104136
656136
351236
143236
606236
300336
162336
625336
320436
111436
644436
130536
664536
346536
150636
632636
613636
365636
653046
336046
601146
353146
334146
125146
620246
302246
145246
322346
113346
164346
646346
341446
132446
666446
360546
152546
615546
310646
101646
634646
120056
350056
603056
605056
140156
622156
355156
641256
304256
166256
661356
343356
324356
115356
610456
362456
134456
312556
103556
154556
636556
331656
122656
655656
143066
335066
161166
624166
306166
110266
643266
663266
326266
612366
345366
136366
631466
364466
156466
650566
333566
314566
105566
600666
352666
124666
316666
