# C_7^6  |S| = 1128
540000
562000
165000
320100
112100
545100
340200
131200
564200
151300
533300
514300
366300
100400
552400
315400
502500
354500
335500
126500
521600
303600
146600
322010
324010
116010
342110
114110
566110
361210
133210
153210
516210
310310
102310
535310
330410
121410
554410
141510
523510
504510
356510
160610
542610
305610
130020
344020
346020
501120
363120
135120
521220
312220
155220
540320
332320
104320
351420
123420
143420
566420
300520
162520
516520
111620
554620
535620
326620
360030
503030
505030
150130
523130
365130
542230
314230
334230
106230
561330
353330
125330
511430
302430
145430
530530
321530
164530
341630
132630
113630
556630
520040
152040
154040
101140
544140
525140
316140
120240
563240
336240
140340
513340
355340
532440
323440
304440
166440
551540
343540
115540
500640
362640
134640
311050
541050
105050
331150
122150
103150
546150
350250
142250
565250
161350
534350
515350
306350
110450
553450
325450
502550
345550
136550
522650
313650
364650
156650
333060
144060
526060
560160
352160
124160
510260
301260
144260
320360
112360
163360
536360
340460
131460
555460
151560
504560
524560
366560
100660
543660
354001
564001
356001
512101
303101
046101
531201
322201
065201
550301
342301
014301
361401
033401
506401
310501
002501
053501
526501
330601
021601
545601
300011
043011
063011
514011
516011
051111
533111
305111
552211
324211
344211
016211
501311
363311
035311
521411
312411
055411
540511
332511
004511
351611
023611
566611
530021
055021
001121
554121
535121
326121
021221
503221
346221
040321
523321
365321
060421
542421
314421
561521
353521
334521
016521
511621
302621
035621
321031
551031
323031
006031
341131
003131
023131
556131
360231
042231
505231
062331
525331
316331
011431
563431
544431
336431
030531
513531
355531
050631
532631
304631
020041
343041
345041
500141
362141
025141
520241
311241
044241
331341
013341
064341
546341
350441
032441
565441
052541
515541
306541
001641
553641
534641
325641
502051
504051
366051
522151
364151
046151
541251
313251
333251
066251
560351
352351
015351
510451
301451
034451
320551
003551
054551
536551
340651
022651
555651
041061
524061
335061
026061
061161
543161
315161
010261
562261
335261
512361
354361
036361
531461
322461
303461
056461
550561
342561
005561
361661
024661
315661
506661
540002
065002
220102
012102
545102
240202
031202
514202
564202
051302
533302
266302
000402
552402
334402
215402
501502
254502
026502
521602
203602
045602
561012
222012
224012
016012
242112
014112
566112
261212
033212
053212
516212
210312
002312
535312
021412
503412
554412
236412
040512
523512
256512
060612
542612
205612
030022
244022
246022
511122
263122
035122
530222
212222
055222
231322
004322
556322
251422
042422
023422
505422
200522
062522
525522
011622
563622
544622
226622
260032
052032
513032
515032
050132
532132
265132
551232
233232
214232
006232
500332
253332
025332
520432
202432
044432
221532
064532
546532
241632
032632
013632
565632
054042
536042
001142
553142
534142
216142
020242
502242
235242
522342
255342
046342
541442
223442
204442
066442
560542
243542
015542
510642
262642
034642
550052
211052
003052
005052
230152
022152
555152
250252
041252
504252
061352
543352
524352
206352
010452
562452
225452
512552
245552
036552
531652
213652
264652
056652
232062
053062
526062
252162
024162
506162
201262
043262
063262
526262
220362
012362
545362
240462
031462
564462
051562
533562
514562
266562
000662
552662
040003
254003
256003
411103
203103
045103
431203
222203
065203
450303
242303
014303
261403
033403
053403
406403
210503
002503
426503
021603
464603
445603
236603
200013
062013
413013
415013
060113
433113
205113
452213
224213
244213
016213
401313
263313
035313
421413
212413
055413
440513
231513
004513
251613
042613
023613
466613
430023
064023
011123
454123
435123
226123
030223
403223
246223
050323
423323
265323
442423
214423
006423
461523
233523
253523
025523
410623
202623
044623
221033
451033
223033
015033
241133
032133
013133
456133
260233
052233
405233
001333
444333
425333
216333
020433
463433
235433
412533
255533
046533
432633
204633
066633
243043
245043
036043
400143
262143
034143
420243
211243
054243
230343
022343
003343
446343
250443
041443
465443
061543
414543
434543
206543
010643
453643
225643
051053
402053
404053
266053
422153
213153
264153
056153
441253
232253
005253
460353
252353
024353
201453
043453
416453
220553
012553
063553
436553
240653
031653
455653
424063
234063
026063
000163
443163
215163
462263
234263
026263
411363
203363
254363
045363
431463
222463
065463
450563
242563
014563
261663
033663
406663
440004
664004
612104
464104
445104
236104
631204
413204
256204
650304
433304
205304
600404
452404
224404
401504
263504
244504
626504
421604
212604
645604
231014
461014
233014
616014
251114
633114
614114
466114
200214
652214
415214
602314
454314
435314
226314
621414
403414
246414
640514
423514
265514
442614
214614
666614
630024
253024
255024
410124
202124
635124
430224
222224
654224
241324
623324
604324
456324
260424
642424
405424
661524
444524
425524
216524
611624
463624
235624
651034
412034
414034
206034
432134
204134
656134
451234
243234
224234
606234
400334
262334
625334
420434
211434
644434
230534
613534
663534
446534
250634
632634
465634
653044
434044
436044
601144
453144
226144
620244
402244
245244
422344
264344
646344
441444
232444
213444
666444
460544
252544
615544
201644
634644
416644
450054
603054
605054
240154
622154
455154
641254
404254
424254
266254
661354
443354
215354
610454
462454
234454
411554
254554
636554
431654
222654
203654
655654
210064
242064
426064
261164
643164
624164
406164
663264
426264
220364
612364
445364
631464
413464
464464
246464
650564
433564
266564
600664
452664
215664
640005
662005
156005
421105
163105
645105
440205
122205
665205
141305
633305
614305
466305
161405
652405
415405
110505
602505
435505
621605
403605
454605
136605
100015
423015
425015
660115
442115
105115
461215
143215
124215
616215
410315
163315
635315
430415
112415
654415
131515
623515
604515
456515
151615
642615
405615
444025
654025
446025
602125
463125
126125
621225
412225
146225
640325
432325
165325
451425
114425
666425
400525
133525
153525
616525
420625
102625
635625
460035
121035
123035
604035
606035
141135
623135
465135
160235
642235
414235
434235
661335
453335
116335
611435
402435
135435
630535
422535
155535
441635
104635
656635
620045
143045
145045
162145
625145
416145
111245
663245
644245
436245
130345
613345
455345
150445
632445
404445
424445
651545
443545
106545
601645
462645
125645
411055
641055
166055
431155
113155
164155
646155
450255
132255
665255
152355
615355
406355
101455
653455
634455
426455
120555
603555
445555
140655
622655
413655
464655
433065
144065
626065
660165
452165
115165
610265
401265
134265
421365
103365
154365
636365
440465
122465
655465
142565
605565
466565
161665
643665
624665
301006
131006
664006
356006
612106
303106
354106
136106
631206
323206
156206
650306
342306
105306
600406
361406
124406
310506
144506
626506
330606
112606
163606
645606
133016
614016
616016
151116
633116
305116
100216
652216
325216
602316
363316
344316
126316
621416
312416
146416
640516
332516
165516
351616
114616
666616
630026
153026
155026
310126
102126
635126
330226
121226
604226
654226
141326
623326
356326
160426
642426
305426
661526
324526
344526
116526
611626
363626
135626
651036
312036
314036
106036
332136
104136
656136
351236
123236
143236
606236
300336
162336
625336
111436
663436
644436
326436
130536
613536
346536
150636
632636
365636
334046
336046
601146
353146
125146
620246
302246
145246
321346
164346
646346
341446
132446
113446
665446
360546
152546
615546
101646
653646
634646
316646
120056
350056
603056
605056
140156
622156
304156
355156
641256
323256
166256
660356
343356
115356
610456
362456
134456
311556
154556
636556
331656
122656
103656
655656
335066
161166
643166
624166
306166
110266
662266
325266
612366
364366
345366
136366
631466
313466
156466
650566
333566
105566
600666
352666
124666
315666
